37
04
01
00
13
04
04
04
b7
04
02
00
93
84
04
fe
b7
e2
0d
00
93
e2
d2
0a
23
a0
54
00
13
03
f0
0f
23
92
64
00
23
93
04
00
93
03
00
00
13
0e
40
00
83
ce
04
00
23
20
d4
01
93
84
14
00
13
04
44
00
93
83
13
00
e3
96
c3
ff
13
04
04
f0
93
84
14
f0
03
2f
04
00
83
cf
04
00
23
14
f4
01
83
2b
44
00
23
16
74
01
b7
0e
00
00
93
8e
0e
08
e7
80
0e
00
b7
0e
00
00
93
8e
ce
0a
e7
80
0e
00
67
80
00
00
83
22
04
00
03
23
44
00
b3
f3
62
00
b3
d3
63
40
13
be
03
40
63
14
0e
00
93
83
03
c0
23
28
74
00
03
2f
04
01
33
75
6f
00
67
80
00
00
83
42
84
00
03
43
c4
00
b3
f3
62
00
13
0e
f0
01
b3
d3
c3
41
93
be
13
00
63
96
0e
00
93
03
00
00
63
14
00
00
93
03
10
00
23
2a
74
00
83
25
44
01
13
85
4e
00
